3 15 10 81 001111100011111111101110001111110000011100000001110000001111000111111000011111000001111110000000011101000000111100000011110000011111111111100111111100
3 14 9 52 011111110111000111110000011000000011000000011000001110001111100000001110000000011000000011100000011100000011110000110011111100
3 16 10 90 0011111000111111111011100011111100000111000000011100000011110001111110000111111100000011110000000111000000011111000001111100001111111111111001111111100011111100
3 15 10 85 001111100011111111101110001111110000011100000001110000001111000111111000011111000000001110000000011100000001111100001111111111111111111111100111111100
3 15 9 69 001111100111111111111000111110000011000000011000000111000111111000111110000000111000000011000000011100000011110000011111111111011111100
3 15 11 74 000111111000111111111001100001111000000001110000000111100000011110000111111000001111110000000001110000000001100000000110011000001100110000111001111111100001111110000
3 14 9 48 011111100110000110110000011000000011000000011000000110000111100000000110000000011000000011100000011110000110110001110011111100
3 15 11 84 000111111000011111111001111001111011100001110000000011100000001111000011111100000111110000000011110000000011101100000111011000001110110000111101111111110001111110000
3 15 9 65 001111100011111110111000110110000011000000011000000111000111110000111110000000111000000011000000011110000011111000111011111110001111100
3 14 9 53 011111110111000111110000011000000011000000111000000110000111100000001110000000111000000011100000011100000011110001110011111100
3 15 10 80 001111110011111111101110001111110000011100000001110000001111000111111000011111000000001110000000011100000001111100000111110000111101111111100111111100
3 14 9 47 011111100110000111110000011000000011000000011000000110000111100000000110000000011000000011100000011100000011110000110011111100
3 15 11 88 011111110001111111110011100011110110000111100000001111000000111110000111111000001111111000000001111000000001110110000011101100001111011000011100111111111000011111000
3 15 10 79 001111100011111111101110001111110000011100000001110000001110000111111000011111000000001110000000011100000001111100000111110001111111111111100111111000
4 14 10 55 00000011000000011100000011110000011011000001101100001100110001100011000110001100110000110011111111110000001100000000110000000011000000111111
4 15 11 84 000000111000000011110000000111100000011111000001111110000111011100001100111000111001110001100011100111111111111111111111100000011100000000111000000111111000001111110
4 15 12 86 000000111000000001111000000011111000000011111000000111111000001110111000001100111000011100111000111000111000111111111111111111111111000000111000000000111000000001111100000001111100
4 15 11 86 000000111000000011110000000111100000011111000001111110000111011100001100111000111001110001100011100111111111111111111111100000011100000000111000000111111100001111111
4 14 10 50 00000011000000011100000011110000001011000001001100001100110000100011000100001100100000110011111111110000001100000000110000000011000000111111
4 14 11 53 0000000100000000011000000001110000000111100000011011000001110110000011001100001100011000110000110001111111111100000011000000000110000000001100000001111100
4 16 12 90 000000111000000001111000000001111000000011111000000111111000000110111000001100111000011100111000011000111000111111111111111111111111000000111000000000111000000000111000000011111110000011111110
4 14 11 54 0000001100000000111000000011110000000101100000011011000001100110000010001100001100011000110000110001111111111100000011000000000110000000001100000001111110
4 15 12 93 000000111000000001111000000011111000000011111000000111111000001110111000001110111000011100111000111000111000111111111111111111111111000001111000000001111000000011111110000011111110
4 15 11 88 000000111000000011110000001111100000011111000001111110000111011100001100111000111001110011100011100111111111111111111111100000011100000000111000000111111100001111111
4 15 11 87 000000111000000011110000001111100000011111000001111110000111011100001110111000111001110011100011100111111111111111111111100000001100000000011000000111111100001111111
4 15 12 90 000000111000000001111000000011111000000011111000000111111000001110111000001100111000011100111000111000111000111111111111111111111111000000111000000000111000000011111110000011111110
4 14 10 53 00000110000000111000000111100000110110000010011000011001100001000110001100011000110001100011111111110000011000000001100000000110000001111110
4 14 10 53 00000011000000011100000011110000001011000001001100001100110001100011000110001100110000110011111111110000001100000000110000000011000000111111
5 15 10 80 111111111011111111101100000000110000000011000000001111111000111111110011100011100000000111000000011111000001111100000111111100111001111111000011111000
5 14 8 41 1111111110000000100000001000000010000000111111101100011100000001000000010000000110000001100000111100011001111100
5 15 9 74 111111111111111111110000000110000000110000000111111000111111110110000111000000011000000011110000011110000011110000111111111110011111100
5 15 10 76 111111111011111111101100000000110000000011000000001111111000111111110000000011100000000111000000011100000001111100000111110000111011111111100111111000
5 14 9 40 111111110100000000100000000100000000100000000111111100000000110000000011000000001000000001100000001100000011110000110011111100
5 15 9 69 111111111111111111110000000110000000110000000111111100111111100000000110000000011000000011000000011110000011110000111111111110011111100
5 14 9 51 111111110100000000100000000100000000100000000111111100110001110000000111000000011000000011100000011100001111111001110011111100
5 14 9 49 111111110100000000100000000100000000100000000111111100110001110000000111000000011000000011100000011100000111110001110011111100
5 15 9 53 111111110100000000100000000100000000100000000111111100110001110000000111000000011000000011100000011100000111110001110011111100001111000
5 15 10 79 111111111011111111101100000000110000000011000000001111111000111111110011100011100000001110000000011100000001111100000111110000011011111111100111111100
5 15 11 60 111111100001001111100010000000000100000000001100000000011111100000011111110000000000110000000000110000000001100000000011001100000110011100001100011111111000001111100
5 14 9 48 111111110100000000100000000100000000100000000111111100110001110000000111000000011000000011100000011100000111110000110011111100
5 15 11 82 111111110001111111100011000000000110000000001100000000011111110000111111111001110001111000000001111000000001110000000011101100000111011100011110111111111000011111100
5 14 9 53 111111110100000000100000000100000000100000000111111100111111110100000111000000011000000011100000011100000111110001110011111100
5 15 10 87 111111111011111111101100000000110000000011000000001111111000111111110011100011101100001111000000111110000001111100000111110000111111111111110111111100
5 14 9 52 111111110100000000100000000100000000100000000111111100110001110000000111000000011000000011100000011100000111111111110011111100
5 14 9 50 111111111100000000100000000100000000100000000111111100110001110000000111000000011000000011100000011100000111110001110011111100
5 14 12 82 111111111000111111110000110000000000111000000000011000000000011111111000011111111100011100011110000000001111000000001111001000000111001100001111001111111110000111111100
5 14 9 51 111111111100000000100000000100000000100000000111111100110001110000000111000000011000000011100000011100000111110011110011111100
6 15 9 79 000111110011111111111000011111000011110000000110111100111111110111000111110000011110000011110000011110000011111000111011111110001111100
6 14 10 55 00011111100011000110011000001001100000001100000000110111110011110001101100000011110000000111000000011100000001010000000101100001100011111100
6 15 10 90 000011111000111111110111100111011100001111100000001110111100111111111011110001111110000011111000001111100000111110000011011100011100111111100011111100
6 15 11 104 000011111000011111111001111001110011100001101110000000011101111000111111111001111111111011110001111111000001111110000011111100000111011111111110111111111000011111000
6 15 12 106 000111111000011111111100011100011100111000011100111000000000111011110000111111111100111110011110111100001110111100001111011100000111011110000111001110001111001111111110000011111100
6 14 10 70 00011111100011000110011000001011100000001100000000110111110011110001101110000111111000011111100001111110000111011000011101100001100011111100
6 15 11 92 000011111000011111111001110000110011100001101110000000011101111000111111111001111000111011100000111111000001111110000011111100000111011100011100011111111000011111000
6 15 11 93 000011111000011111111001111001110011100001101110000000011101111000111111111101111000111011100000111110000001111100000011111100000111011100011100011111111000011111000
6 15 11 101 000011111000011111111001111000110011100001101110000000011101111000111111111101111111111111111001111111000001111110000011111100000111011100011100011111111000011111000
7 14 8 27 1111111110000001100000110000001000000010000001100000010000001100000010000000100000011000000100000001000000010000
7 14 9 35 111111111100000011100000110000000110000000100000001100000001100000011000000011000000010000000110000000110000001100000001100000
7 14 9 36 111111111100000011100000110000000110000000110000001100000001100000011000000011000000011000000110000000110000000100000001100000
7 15 10 57 111111111111111111111100000110110000111000000011000000001100000001110000000110000000111000000011000000001100000001110000000111000000111000000011100000
7 14 9 37 111111111100000011100000110000000110000001100000001100000011000000110000000110000001100000001100000011000000011000000110000000
7 15 10 60 111111111111111111111100000110110000111000000011100000011100000001110000000110000000111000000011100000001100000001110000001110000000111000000011100000
7 13 9 35 111111111100000011100000110000000110000000110000001100000001100000011000000011000000011000000110000000110000000110000
7 15 10 51 111111111110000001111000001110000000111000000111000000011100000011100000001110000001110000000111000000111000000011000000001100000001110000000110000000
7 15 10 59 111111111111111111111100000110110000111000000011100000011100000001110000000110000000111000000011100000001100000001110000000110000000111000000011100000
7 14 9 34 111111111100000011100000110000000110000000110000001100000001100000001000000011000000010000000110000000110000000100000001100000
7 15 9 36 111111111100000011100000110000000110000000100000001100000001100000011000000011000000010000000110000000110000000100000001100000001100000
7 15 10 57 111111111111111111111100000110110000111000000011100000011100000001110000000110000000111000000011100000001100000001110000000110000000110000000011000000
7 15 10 60 111111111111111111111100000110110000111000000011100000001100000001110000000110000000111000000011100000011100000001110000001110000000111000000011100000
7 14 9 37 111111111100000011100000110000000110000000110000001100000001100000011000000011000000011000000110000000110000001100000001100000
7 15 10 53 111111111111111111101100000110110000111000000011000000011100000001100000001110000000110000000111000000011000000001000000001100000001110000000110000000
7 14 9 36 111111111100000011100000110000000110000000100000001100000001100000011000000011000000110000000110000000110000001100000001100000
7 15 10 60 111111111111111111111100000110110000111000000011100000001100000001110000000110000000111000000011100000001100000001110000000110000001111000000111100000
7 15 10 62 111111111111111111111100000110110000111000000011100000001100000001110000000110000000111000000011100000011100000001110000001110000000111000000111110000
7 15 10 55 111111111111111111111100000110110000111000000011000000001100000001110000000110000000111000000011000000001100000001110000000110000000111000000011000000
7 15 9 54 111111111111111111110000011110000111000000111000000110000001110000001100000011100000011100000011000000111000000110000001100000001100000
7 14 9 33 111111111100000011100000110000000110000000100000001100000001100000001000000011000000010000000110000000110000000100000001100000
7 15 10 61 111111111111111111111100000110110000111000000011100000011100000001110000000111000000111000000011100000011100000001110000000110000000111000000011100000
8 15 11 105 001111100000111111110011110011110111000011101110000111011100011110011111111000111111110011110001110111000001111110000011111100000111111100011110111111111000111111100
8 15 10 95 001111110001111111101110000111111000011111100001111110000111011111111001111111101110000011111000001111100000111110000011111000001101111111110011111110
8 14 10 60 00111110000110001100110000011011000001101100000110011000010000111111000110000110110000001111000000111100000011110000001101100001100011111100
8 14 9 48 001111100011000110110000010110000010110000010011000110001111100011000010100000001100000001100000001100000001100000011011111110
8 15 11 106 001111110000111111110011110011110111000011101110000111011100011110011111111000111111110011110001110111000011111110000011111100000111111100011110111110111000111111100
8 14 8 46 0111110011000110100000101000001010000010110001100111110011000011100000011000000110000001100000011100001101111110
8 15 10 95 000111100001111111101111001111111000011111100001111110001111011111111000111111100111000111111000001111100000111110000011111000011101111111100011111100
8 15 11 106 001111110000111111110011110011110111000011101110000111011100011110011111111000111111110011110001110111000001111110000011111100000111111100011110111111111000111111100
8 15 11 106 001111100000111111110011110011110111000011101110000111011100011110011111111100111111110011110001110111000001111110000011111100000111111100011110111111111000111111100
8 14 10 62 00111110000110001110110000011011000001101100000110011000110000111110000110000110110000011111000000111100000011110000001101100001100011111100
8 14 10 62 00111110000110001100110000011011000001101100000110011000110000111110001110000110110000011111000000111100000011110000001101100001100011111100
8 15 10 99 001111100001111111101111001111111000011111100001111110001111011111111001111111101111000111111000001111100000111110000011111100011101111111100011111100
8 14 10 61 00111110000110001100110000011011000001101100000110011000110000111110000110000110110000001111000000111100000011110000001111100001100011111100
8 14 10 56 00111110000110001100110000011011000001101100000110011000110000111110000110000110110000001111000000011100000001010000000101100001100011111100
8 15 11 103 000111100000111111110011110011110111000011101110000111011100011110011111111000111111110011110001110111000001111110000011111100000111111100011100111111111000111111100
9 15 10 84 000111110001111111101111000111110000001111000000111100000011110000001111100000110111111111001111111100000000110100000111111000111001111111100011111100
9 15 11 94 000111110000111111110001110001110111000001111110000011111100000111111000001110111000011101111111111001111111110000000011101100001110011000011100111111110000111110000
9 15 11 93 000111110000111111110001110001110111000001101110000011111100000111111000001111110000011101111111111001111111110000000011101100001110011000011100111111110000111110000
9 15 11 94 000111100000111111110001110001110111000011101110000011111100000111111000011111111000111101111111111001111111110000000011001000001110011000011100111111110000111110000
9 15 11 93 000111100000111111110001110001110111000011101110000011111100000111111000011111111000111101111111111001111111110000000011000000000110110000011001111111110001111110000
9 14 10 72 00111110000110001110111000011011000001111100000011110000011111100001110110001111001111111100011111110100000111010000011001100011000011111000
9 15 11 108 000111110000111111110011110001110111000011101110000111111100001111111000011111111000111111111111111001111111110000000011111110001110111110111100111111110000111111000
9 14 10 69 00111111000110001110111000011011000001111100000111110000011111100001110111001111001111101100000000110000000111010000011001100011000011111100
9 14 10 70 00111110000110001110111000011011000001111100000011110000011111100001110110001111001111101100000000110000000111010001111001111111000011111000
9 15 11 94 000111100000111111110001110001110111000011101110000011111100000111111000011111111000111101111111111001111111110000000011001000001110011000011100111111110000111110000
9 13 10 66 0011111100011000111011100001101100000111110000011111000001111110000111011100111100111110110000000011000000011101000001100111111100
9 15 10 69 001111100001100011101110000110110000011111000000111100000011111000011101111111110011111011000000001100000001100100000110011000110000111110000001110000
A 15 14 86 000001100000000000111100000000001111000000000011111000000001111110000000011011100000000110111100000011100111000000110001111000011111111110000111111111100001100000011100111000000011101100000000111111000000000111
A 15 14 91 000000110000000000001110000000000111100000000001111100000000111111000000001101110000000011001110000001110011100000011000111100001111111111000011111111111001110000001110011100000011101111100000011111111000000111
A 14 14 65 0000001100000000000111000000000001111000000000010110000000001101110000000010011100000001100011000000011000111000000100001110000011111111100000100000011100011000000011000110000000111011110000011111
A 14 13 61 00000011000000000011100000000001111000000000101100000000110110000000010011100000011000110000001000011100000100000110000111111111000011000001110011000000011001100000001101111000001111
A 14 13 61 00000011000000000011100000000001111000000000101100000000110111000000010011100000011000110000001100011100000100000110000111111111000010000001110001000000011001100000001101111000001111
A 13 11 60 00000110000000011100000000111100000001011000000110010000001000110000110001100001100001100011111111001111111110011000001111111000001111110000011
D 15 13 104 111111110000011111111110000111000111100011100000111001110000011100111000000111011100000011101110000001110111000000111011100000011101110000001110111000001110011100001110011111111110001111111110000
D 15 13 106 111111110000011111111110000111000111100011100000111001110000011100111000000111011100000011101110000001110111000000111011100000011101110000011110111000011110011100001111011111111110001111111100000
D 14 13 74 11111111100000011000011100001100000111000110000001100011000000111001100000001100110000000110011000000011001100000001100110000001110011000000110001100000111000110001111001111111111000
D 15 14 109 111111111000001111111111100000111000111100001110000011100011100000111000111000000111001110000001110011100000011100111000000111001110000001110011100000111100111000001110001110000111001111111111100011111111110000
D 14 12 69 111111110000011000011100011000001110011000000110011000000111011000000011011000000011011000000011011000000011011000000111011000000110011000001110011000011100111111100000
D 14 12 74 111111110000011000011100011000001110011000000110011000000111011000000011011000000011011000000011011000000011011000000111011000000111011000011110011001111100111111110000
D 15 14 111 111111111000001111111111100000111000111100001110000011100011100000111000111000000111001110000001110011100000011100111000000111001110000001110011100000111100111000011110001110001111001111111111100011111111110000
D 15 14 108 111111111000001111111111100000111000111100001110000011100011100000111000111000000111001110000001110011100000011100111000000111001110000001110011100000111000111000001110001110000111001111111111100011111111110000
D 15 14 109 111111111000001111111111100000111000111100001110000011100011100000111000111000000111001110000001110011100000011100111000000111001110000001110011100000111100111000001110001110000011101111111111100011111111110000
D 15 14 112 111111111000001111111111100000111000111100001110000011100011100000111000111000000111001110000001110011100000011100111000000111001110000001110011100000111100111000001110001110011111101111111111100011111111110000
D 14 12 66 111111110000011000011100011000000110011000000110011000000011011000000011011000000011011000000011011000000011011000000011011000000110011000000110011000011100111111110000
E 15 10 96 111111111111111111111110000011111000001111100000001110000110111111111011111111101110000110111000000011100000011110000001111000000111111111111111111111
E 15 12 105 111111111111111111111111001110000011001110000000001110000110001110000110001111111110001111111110001110000110001110000110001110000000001110000000001110000011111111111111111111111111
E 14 12 73 111111111100011100000100011100000000001100000100001100000100001111111100001111111100001110000100000110000000000111000000000111000000000111000001000111111111000111111111
E 14 10 58 11111111110110000001011000000101100000000110000010011000001001111111100110000010011000001001100000000110000000011000000101100000011111111111
E 14 10 58 11111111110110000001011000000101100000000110000010011000001001111111100110000010011000001001100000000110000000011000000101100000011111111111
E 15 12 109 111111111111111111111111001110000011001110000011001110000110001110000110001111111110001111111110001110000110001110000110001110000000001110000011001110000011111111111111111111111111
E 15 12 109 111111111111111111111111001110000011001110000011001110000110001110000110001111111110001111111110001110000110001110000110001110000000001110000011001110000011111111111111111111111111
E 14 11 59 1111111111100110000001001100000010011000000000110000010001100000100011111111000110000010001100000000011000000000110000000001100000010011000000111111111111
F 14 10 49 11111111110110000001011000000001100000000110000010011000001001111111100110000010011000001001100000000110000000011000000001100000001111000000
F 15 12 91 111111111111111111111111011100000011011100000011011100001100011100001100011111111100011111111100011100001100011100001100011100000000011100000000011100000000111110000000111110000000
F 15 11 87 111111111111111111111111100000011111000000111110000111111100001100111111111001111111110011100001100111000011001110000000011100000000111000000001110000000011100000000
F 14 10 62 11111111111111111111110000000111000000011100000100110000010011111111001111111100110000010011000001001100000000110000000011000000001100000000
F 15 13 97 111111111111111111111111110011100000011001110000001100111000011000011100001100001111111110000111111111000011100001100001110000110000111000000000011100000000001110000000011111110000001111111000000
F 15 12 93 111111111111111111111111011100000011011100000011011100001100011100001100011111111100011111111100011100001100011100001100011100000000011100000000011100000000111111000000111111000000
F 14 11 54 1111111111101100000001011000000010110000000001100000100011000001000111111110001100000100011000000000110000000001100000000011000000001111100000011111000000
F 14 11 51 1111111111101100000001011000000010110000000001100000100011000001000111111110001100000100011000001000110000000001100000000011000000000110000000011110000000
F 15 13 97 111111111111111111111111110011100000011001110000001100111000011000011100001100001111111110000111111111000011100001100001110000110000111000000000011100000000001110000000011111110000001111111000000
H 15 16 140 111111100111111111111110011111110011100000011100001110000001110000111000000111000011100000011100001111111111110000111111111111000011111111111100001110000001110000111000000111000011100000011100001110000001110011111110011111111111111001111111
H 14 13 71 11110000011110110000000110011000000011001100000001100110000000110011000000011001111111111100110000000110011000000011001100000001100110000000110011000000011001100000001101111000001111
H 15 16 134 111111100111111111111110011111110011100000011100001110000001110000111000000111000011100000011100001111111111110000111111111111000011100000011100001110000001110000111000000111000011100000011100001110000001110011111110011111111111111001111111
H 17 19 147 11111000000000000001111111001111110000001111100111111100000111100000111110000001110000001110000000111000000111000000011100000011100000001111111111111000000111111111111100000001110000011110000000111000000111000000011100000011100000001110000001110000001111110000111000000111111000111111000011111100011111100000000000001111110
H 14 15 79 111111000111111001100000001100001100000001100001100000001100001100000001100001100000001100001111111111100001100000001100001100000001100001100000001100001100000001100001100000001100001100000001100111111000111111
H 15 16 134 111111100111111111111110011111110011100000011100001110000001110000111000000111000011100000011100001111111111110000111111111111000011100000011100001110000001110000111000000111000011100000011100001110000001110011111110011111111111111001111111
K 14 13 74 11111100111110011000001100001100001100000110001100000011001100000001101100000000111100000000011111000000001101110000000110011100000011000111000001100001110000110000011101111110000111
K 15 13 112 111111011111011111101111100111000111000011100111000001110111000000111111000000011111000000001111100000000111111000000011111110000001110111100000111001111000011100011110011111100111111111110011111
K 15 12 111 111111011111111111011111011100001110011100111000011101110000011111100000011111000000011111000000011111110000011111111000011101111000011100111100011100011110111111001111111111000111
K 16 14 108 01111110001110011111100011100011100001110000111000111000001110111100000011111110000000111110000000001111100000000011111000000000111111100000001101111000000011001111000011110001111000111100001111001111000001111100000000011111
K 15 14 119 111111101111111111111011111100111000111100001110011110000011101110000000111111000000001111100000000011111000000000111111000000001111111000000011101111000000111001111000001110001111001111111001111111111110001111
K 14 14 73 1111110011111000110000011000001100001100000011000110000000110011000000001101100000000011110000000000111110000000001101110000000011000100000000110001110000001100001110000011000001110011111100001111
K 16 15 121 111111101111110111111101111110001110001111000001110011100000001110111000000001111110000000001111100000000001111100000000001111110000000001111111000000001110111100000001110011110000001110001111100011110000111111011111000011111011111000000000
K 14 13 74 11111100111110011000001100001100001100000110001100000011001100000001101100000000111100000000011111000000001101110000000110011100000011000111000001100001110000110000011101111110000111
K 14 14 82 1111110011111000110000011000001100001100000011000110000000110011000000001111100000000011110000000000111110000000001101110000000011001110000000110001110000001100001110001111110001111111111100001111
K 15 15 121 111111101111110111111101111110001110000110000001110011100000001110111000000001111110000000001111100000000001111100000000001111110000000001111111000000001110111100000001110011110000001110001111000111111101111111111111101111111
K 15 14 115 111111101111111111111011111100111000011100001110011100000011101110000000111111000000001111100000000011111000000000111111000000001111111000000011101111000000111001111000001110001111000111111001111101111110001111
K 15 15 121 111111101111110111111101111110001110001111000001110011110000001110111000000001111110000000001111100000000001111100000000001111110000000001111111000000001110111100000001110011110000001110001111000111111100111111111111100011111
N 15 16 114 111100000011111111111000001111110011110000001100001111100000110000111110000011000011011100001100001101111000110000110011110011000011000111001100001100001110110000110000111111000011000001111100001100000011110011111000000111001111100000001100
N 14 13 62 11100000000000111000000111011100000001001111000000100101100000010010011000001001001110000100100011000010010000110001001000001100100100000111010010000001111001000000011101110000000110
N 15 14 111 111000000011111111000000111101111000000110011111000001100111111000011001101110000110011011110001100110011110011001100011110110011000111111100110000111111001100000111110011000000111101111000000111011110000001110
N 15 17 125 011110000000000000111110000011111100011110000111111000111110000011000001111100000110000011111100001100000110111100011000011100111001110000111001111011100001110001110111000011000011111100000110000011111000001100000111110001111110000111100011111100001111000
N 14 13 68 11100000001110111000000010011110000001001011000000100101110000010010011100001001000111000100100011110010010000111001001000001110100100000011110010000000111001000000011101110000000110
N 15 15 114 111110000011111111110000011111001111000000110001111100000110001111110000110001101110000110001101111000110001100111100110001100011100110001100001110110001100001111110001100000111110001100000011110111111000001110111111000000000
N 15 14 113 111100000011111111000000111101111000000110011111000001100111111000011001101110000110011011110001100110011110011001100011110110011000011111100110000111111001100000111110011000000111101111100000111011111000001110
N 15 14 113 111100000111111111000001111101111000000110011111000001100111111000011001101110000110011011110001100110011110011001100011100110011000011101100110000111111001100000111110011000000111101111100000111011111000001110
N 15 14 80 011100000000000111100000011100111000000111001111000000100010110000001001101110000110011001110001100110011100011001000011100100010000011001000100000111010001000000111100010000000111001110000001110011100000001100
N 14 13 55 11100000011110110000000010011100000001001010000000100101100000010010011000001001000110000100100001100010010000011001001000000110100100000001110010000000011001000000001101111000000000
N 14 14 70 1111000000111100111000000010001111000000100010110000001000101110000010001001110000100010001110001000100001110010001000011100100010000011101000100000011110001000000011100010000000011011111000000110
N 14 14 66 1111000000111100111000000010001111000000100010110000001000101110000010001001110000100010000110001000100001100010001000001100100010000001101000100000001110001000000011100010000000011011111000000111
N 15 16 117 111100000011111111111000001111110011110000001100001111100000110000111111000011000011011100001100001101111000110000110011110011000011000111001100001100001110110000110000111111000011000001111100001100000011110011111100000111001111110000001100
N 15 16 116 111100000011111111111000001111110011110000001100001111100000110000111110000011000011011100001100001101111000110000110011110011000011000111001100001100001110110000110000111111000011000001111100001100000011110011111100000111001111110000001100
N 15 16 119 111100000011111111111000001111110001110000001100000111100000110000011111000011000001111110001110000110111100011000011001111001100001100011110110000110000111111000011000001111100001100000011111000110000000111100111111000011110011111100000111
P 15 12 98 111111111000111111111110001110001110001110000111001110000111001110000111001110001111001111111110001111111100001111111000001110000000001110000000001110000000111111100000111111100000
P 15 11 88 111111110001111111111001110001110011100001110111000011101110000111011100011110111111111001111111100011100000000111000000001110000000011100000001111100000011111000000
P 15 11 90 111111110001111111111001110001110011100001110111000011101110000111011100011110111111111001111111100011100000000111000000001110000000011100000001111110000011111100000
P 14 11 63 1111111110000110000110001100001110111000011101110000111011100001100111000011001111111100011000000000110000000001100000000011000000000110000000011111000000
P 14 10 54 11111111000110000110011000001101100000110110000011011000001101100001100111111100011000000001100000000110000000011000000001100000001111100000
P 15 12 98 111111111000111111111100001110001110001110000111001110000111001110000111001110001111001111111110001111111100001111110000001110000000001110000000001110000000111111110000111111110000
P 14 11 56 1111111110000110000110001100000110011000001100110000011001100000110011000011000111111100001100000000011000000000110000000001100000000011000000011111100000
P 14 11 56 1111111110000110000110001100000110011000001100110000011001100000110011000011000111111100001100000000011000000000110000000001100000000011000000011111100000
P 15 11 81 111111110001111111110001100001110011000001100111000011101110000111001100001110011111111000111111100001110000000011100000000111000000001110000000011111000001111110000
P 15 12 94 111111111000111111111110001110001110001110000111001110000111001110000111001110001111001111111110001111111100001110000000001110000000001110000000001110000000111111100000111111100000
R 15 13 114 111111111000011111111111000011100011100001110000111000111000011100011100001110001110001110000111111111000011111100000001111111000000111011110000011100111100001110001111011111110011111111111000111
R 15 12 111 111111111000111111111100011100011110011100001110011100001110011100001110011100011110011111111100011111111000011100111100011100011100011100001110011100001110111111000111111111000111
R 15 12 110 111111110000111111111100011100011100011100001110011100001110011100001110011100011110011111111100011111111000011100111100011100011100011100011100011100001110111111001111111111000111
R 15 14 119 111111111100001111111111100000111000111100001110000111000011100001110000111000011100001110001111000011111111100000111111110000001110011110000011100011100000111000111100001110000111001111111001111111111110001111
R 14 12 77 111111110000011000011000011000001100011000001100011000001100011000001100011111111100011111110000011000111000011000011000011000011000011000001100011000001111111110011111
R 14 12 73 111111110000011000011100011000001100011000001100011000001100011000001100011000011000011111110000011000110000011000011000011000011100011000001100111110001110111110000111
R 15 15 97 111111111000000111111111100000011100001110000011100001110000011100001110000001100001110000001100001100000001111111100000001111111100000001110001110000000110000111000000110000011000000110000011110001111100001111001111100000000
R 14 13 66 11111111100000011000011000001100000110000110000011000011000001100001100000110000110000110000011111110000001100010000000110000100000011000011000001100000110000110000001101111110000011
R 14 13 81 11111111100000110000111000011000001100001110000111000111000011100001100001110000110001110000011111110000001100001100000111000111000011100001100001110000011000111000001110111111000011
R 14 13 77 11111111100000110000110000011000001100001100000110000110000011000011000001100001100001110000111111110000011111111000001100001100000110000111000011000001100001100000111001111100001111
R 15 14 120 111111111100001111111111100000111000111100001110000111000011100001110000111000011100001110001111000011111111100000111111110000001110011110000011100011100000111000111100001110000111111111111000111111111110001111
S 14 9 44 001111110111000011100000001100000001100000000110000000011110000000011100000000111000000001100000001100000001110000011011111110
S 14 10 68 00111111100110000111110000001111000000101110000000011100000000111111000001111110000000111110000000111100000011011000001101111111110011111110
S 14 10 61 00111111100110000110110000001011000000101110000000111110000001111111000001111110000000111100000000111000000011100000001111000001100111111100
S 14 8 49 0111111011000011100000011000000111000000111100000111111000111111000001110000000100000001100000011100001101111110
S 15 11 101 001111111000111111111011110001110111000001101110000011011110000000111111100000111111110000011111110000000111111100000011111000000111111111111110111111111000111111100
S 14 10 62 00111111100110000110110000001011000000101110000000111110000001111111000011111110000000111100000000111000000011100000001111000001100111111100
S 15 11 97 001111111000111111111011110001110111000001101110000011011110000000111111110000111111110000011111111000000000011100000011111000000111111000011111111111111001111111100
S 15 11 98 000111111000111111111011110001110111000001101110000011011110000000111111100000111111110000011111110000000001111100000011111100000111111100011111111111111001111111100
T 15 13 81 111111111111111111111111111100011100011110001110001100000111000000000011100000000001110000000000111000000000011100000000001110000000000111000000000011100000000001110000000011111110000001111111000
T 14 12 48 111111111111100001100001100001100001000001100000000001100000000001100000000011100000000011100000000011000000000011000000000011000000000011000000000011000000001111110000
T 14 12 44 111111111111100001100001100001100001000001100000000001100000000001100000000001100000000001100000000001100000000001100000000001100000000001100000000001100000000011110000
T 15 13 81 111111111111111111111111111100011100011110001110001100000111000000000011100000000001110000000000111000000000011100000000001110000000000111000000000011100000000001110000000011111110000001111111000
T 15 13 81 111111111111111111111111111100011100011110001110001100000111000000000011100000000001110000000000111000000000011100000000001110000000000111000000000011100000000001110000000011111110000001111111000
U 14 13 52 11110000001110110000000010011000000001001100000000100110000000010011000000001001100000000100110000000010011000000001001100000000100110000000010011000000011000110000011000001111111000
U 14 13 54 11110000001110110000000010011000000001001100000000100110000000010011000000001001100000000100110000000010011000000001001100000000100111000000010001110000011000011100011000000111111000
U 15 14 90 111110000011111111100000111101110000000110011100000001100111000000011001110000000110011100000001100111000000011001110000000110011100000001100111000000011001110000001110001110001111000011111111100000001111100000
U 15 16 100 111111100011111111111110001111110011100000001100001110000000110000111000000011000011100000001100001110000000110000111000000011000011100000001100001110000000110000111000000011000011100000011100001111000001100000011111111110000000111111100000
U 15 16 98 111111100011111111111110001111110011100000001100001110000000110000111000000011000011100000001100001110000000110000111000000011000011100000001100001110000000110000111000000011000011100000011000000111000001100000011111111110000000111111100000
U 15 16 99 111111100011111111111110001111110011100000001100001110000000110000111000000011000011100000001100001110000000110000111000000011000011100000001100001110000000110000111000000011000011100000011100000111000001100000011111111110000000111111100000
X 15 14 102 111111101111111111111011111100111000011100000110000110000001110001000000001111110000000001111000000000011110000000000111100000000011111100000001110011100000011000011000001110000111001111100011111111111000111111
X 15 14 104 111111001111111111110011111100111000011100000111000110000000111011000000001111110000000001111000000000011110000000000111100000000011111100000001110011100000011000011100001110000111001111100011111111111100111111
X 15 13 95 111110011111111111001111110011100011100001110001100000111101100000001111110000000011110000000001111000000000111110000000111111000000011001110000011000011100011100000111011110000001111111100000111
X 15 14 112 111111101111111111111011111100111100011100000111001110000001111011000000001111110000000001111000000000011110000000000111110000000011111100000000110111100000011000111100001110000111001111110011111111111100111111
X 14 12 62 111111001111001110000010000110000100000110001000000111010000000011110000000011000000000001110000000011110000000100111000001100011000001000011100010000001110111100011111
X 16 16 114 1111100111110000111110011111000001111000111100000011100011100000000111111100000000001111110000000000011110000000000001111000000000000111110000000000011111100000000011101111000000001110011100000001111000111000011111100001111001111110001111110000000000111111
X 15 14 107 111111101111111111111011111100111100011100000111001110000001111011000000001111110000000001111000000000011110000000000111110000000011001100000000110011100000011000011100001100000111001111110011111111111100111111
X 15 14 112 111111101111111111111011111100111100011100000111001110000001111011000000001111110000000001111000000000011110000000000111110000000011111100000000110111100000011000111100001110000111001111110011111111111100111111
X 15 14 112 111111101111111111111011111100111100011100000111001110000001111011000000001111110000000001111000000000011110000000000111110000000011111100000000110111100000011000111100001110000111001111110011111111111100111111
Y 15 12 51 111110001111011100000110001100000110001110001100000110001000000111011000000011110000000001100000000001100000000001100000000001100000000001100000000001100000000001100000000001100000
Y 15 14 76 111110000111111110000001111100110000001110000110000011000001100001100000001100111000000011111100000000011111000000000011100000000000111000000000001110000000000011100000000000111000000000111111100000001111111000
Y 14 14 52 1111110001111100110000000100000110000010000001110001100000001100010000000011101100000000011110000000000011000000000000110000000000001100000000000011000000000000110000000000001100000000001111110000
Y 15 14 90 111111100111111111111001111100111100001110000111000111000001111001100000001111111000000011111100000000011111000000000011100000000000111000000000001110000000000011100000000000111000000000111111100000001111111000
Y 15 14 84 111111000111111111110001111100111000001110000111000011000001111001100000001110111000000011111100000000011110000000000011100000000000111000000000001110000000000011100000000000111000000000111111100000001111111000
Y 14 12 50 111110001111011100000110001100000100001110001100000110001000000111011000000011110000000001100000000001100000000001100000000001100000000001100000000001100000000011110000
Y 15 12 83 111110001111111110001111111110000110011110001110001111001100000111111100000011111100000001111000000001111000000000111000000000111000000000111000000000111000000001111110000001111110
